% -------------------------------------------------------------------
%  Generated by MATLAB on 14-Dec-2023 04:44:34
%  MATLAB version: 9.13.0.2049777 (R2022b)
% -------------------------------------------------------------------
                                   

FUELplusPAYplusOEW = [166656; 166722.16420937766; 166788.38097541439; 166854.65036075661; ...
                      166920.9724281503; 166987.3472404413; 167053.77486057545; ...
                      167120.25535159867; 167186.78877665743; 167253.37519899875; ...
                      167320.01468197041; 167386.7072890212; 167453.45308370117; ...
                      167520.25212966171; 167587.10449065585; 167654.01023053838; ...
                      167720.9694132662; 167787.9821028983; 167855.04836359617; ...
                      167922.16825962393; 167989.34185534847; 168056.56921523978; ...
                      168123.85040387107; 168191.18548591898; 168258.57452616381; ...
                      168326.01758948975; 168393.51474088503; 168461.06604544216; ...
                      168528.6715683582; 168596.33137493482; 168664.04553057865; ...
                      168731.81410080145; 168799.63715122029; 168867.51474755781; ...
                      168935.44695564234; 169003.43384140823; 169071.47547089605; ...
                      169139.57191025268; 169207.72322573166; 169275.92948369335; ...
                      169344.19075060516; 169412.50709304173; 169480.87857768519; ...
                      169549.30527132534; 169617.78724085994; 169686.32455329481; ...
                      169754.91727574414; 169823.56547543069; 169892.26921968602; ...
                      169961.02857595062; 170029.8436117743; 170098.71439481626; ...
                      170167.64099284535; 170236.62347374036; 170305.66190549012; ...
                      170374.75635619392; 170443.90689406145; 170513.11358741327; ...
                      170582.376504681; 170651.69571440734; 170721.07128524658; ...
                      170790.50328596469; 170859.99178543949; 170929.536852661; ...
                      170999.13855673152; 171068.79696686607; 171138.51215239242; ...
                      171208.28418275138; 171278.11312749714; 171347.99905629733; ...
                      171417.94203893337; 171487.94214530062; 171557.9994454087; ...
                      171628.11400938168; 171698.28590745828; 171768.51520999215; ...
                      171838.80198745211; 171909.14631042239; 171979.54824960275; ...
                      172050.00787580895; 172120.52525997272; 172191.10047314223; ...
                      172261.73358648212; 172332.42467127397; 172403.17379891631; ...
                      172473.98104092502; 172544.84646893354; 172615.77015469296; ...
                      172686.75217007258; 172757.79258705981; 172828.89147776066; ...
                      172900.04891439981; 172971.264969321; 173042.53971498719; ...
                      173113.8732239808; 173185.26556900403; 173256.71682287904; ...
                      173328.22705854819; 173399.79634907434; 173471.42476764112; ...
                      173543.112387553; 173614.85928223582; 173686.66552523681; ...
                      173758.53119022495; 173830.45635099118; 173902.44108144875; ...
                      173974.48545563323; 174046.5895477031; 174118.75343193972; ...
                      174190.97718274774; 174263.2608746553; 174335.60458231432; ...
                      174408.00838050072; 174480.47234411468; 174552.9965481809; ...
                      174625.58106784895; 174698.22597839337; 174770.931355214; ...
                      174843.69727383635; 174916.52380991162; 174989.41103921726; ...
                      175062.35903765695; 175135.36788126105; 175208.43764618682; ...
                      175281.56840871862; 175354.76024526826; 175428.0132323752; ...
                      175501.32744670691; 175574.70296505906; 175648.13986435567; ...
                      175721.63822164974; 175795.19811412314; 175868.81961908707; ...
                      175942.50281398225; 176016.24777637934; 176090.054583979; ...
                      176163.92331461233; 176237.85404624109; 176311.84685695788; ...
                      176385.90182498665; 176460.0190286827; 176534.19854653312; ...
                      176608.44045715709; 176682.74483930602; 176757.11177186391; ...
                      176831.54133384774; 176906.03360440748; 176980.58866282663; ...
                      177055.20658852239; 177129.88746104587; 177204.6313600826; ...
                      177279.43836545254; 177354.30855711052; 177429.24201514653; ...
                      177504.23881978594; 177579.29905138985; 177654.42279045528; ...
                      177729.61011761564; 177804.86111364074; 177880.17585943738; ...
                      177955.55443604945; 178030.99692465828; 178106.50340658287; ...
                      178182.0739632803; 178257.70867634591; 178333.40762751372; ...
                      178409.17089865654; 178484.99857178642; 178560.89072905495; ...
                      178636.8474527534; 178712.8688253132; 178788.95492930611; ...
                      178865.10584744462; 178941.32166258214; 179017.60245771339; ...
                      179093.94831597467; 179170.35932064417; 179246.83555514223; ...
                      179323.3771030317; 179399.98404801823; 179476.65647395054; ...
                      179553.39446482083; 179630.19810476486; 179707.06747806256; ...
                      179784.00266913811; 179861.00376256031; 179938.07084304298; ...
                      180015.20399544513; 180092.40330477137; 180169.66885617215; ...
                      180247.00073494413; 180324.39902653053; 180401.86381652131; ...
                      180479.39519065357; 180556.99323481196; 180634.65803502878; ...
                      180712.38967748449; 180790.18824850794; 180868.05383457668; ...
                      180945.98652231737; 181023.98639850595; 181102.05355006811; ...
                      181180.18806407956; 181258.39002776629; 181336.659528505; ...
                      181414.99665382336; 181493.40149140038; 181571.87412906662; ...
                      181650.41465480474; 181729.02315674958; 181807.69972318868; ...
                      181886.44444256247; 181965.25740346478; 182044.13869464293; ...
                      182123.08840499827; 182202.10662358644; 182281.19343961764; ...
                      182360.34894245709; 182439.57322162532; 182518.86636679838; ...
                      182598.22846780845; 182677.65961464387; 182757.15989744975; ...
                      182836.72940652809; 182916.36823233828; 182996.0764654974; ...
                      183075.85419678054; 183155.70151712108; 183235.61851761118; ...
                      183315.60528950207; 183395.66192420438; 183475.7885132884; ...
                      183555.98514848464; 183636.25192168396; 183716.58892493814; ...
                      183796.99625045998; 183877.47399062387; 183958.02223796607; ...
                      184038.64108518497; 184119.33062514162; 184200.09095085991; ...
                      184280.92215552717; 184361.82433249414; 184442.79757527576; ...
                      184523.84197755126; 184604.95763316459; 184686.14463612475; ...
                      184767.40308060631; 184848.73306094948; 184930.13467166081; ...
                      185011.60800741328; 185093.15316304684; 185174.77023356871; ...
                      185256.45931415376; 185338.22050014485; 185420.05388705328; ...
                      185501.95957055903; 185583.93764651133; 185665.9882109288; ...
                      185748.11136; 185830.30719008378; 185912.57579770955; ...
                      185994.91727957778; 186077.33173256036; 186159.81925370084; ...
                      186242.37994021509; 186325.01388949135; 186407.72119909091; ...
                      186490.50196674824; 186573.35629037162; 186656.2842680433; ...
